           1         121           8          65
           2         122           1          66
           3         123           2          67
           4         124           3          68
           5         125           4          69
           6         126           5          70
           7         127           6          71
           8         128           7          72
           9          65          16          73
          10          66           9          74
          11          67          10          75
          12          68          11          76
          13          69          12          77
          14          70          13          78
          15          71          14          79
          16          72          15          80
          17          73          24          81
          18          74          17          82
          19          75          18          83
          20          76          19          84
          21          77          20          85
          22          78          21          86
          23          79          22          87
          24          80          23          88
          25          81          32          89
          26          82          25          90
          27          83          26          91
          28          84          27          92
          29          85          28          93
          30          86          29          94
          31          87          30          95
          32          88          31          96
          33          89          40          97
          34          90          33          98
          35          91          34          99
          36          92          35         100
          37          93          36         101
          38          94          37         102
          39          95          38         103
          40          96          39         104
          41          97          48         105
          42          98          41         106
          43          99          42         107
          44         100          43         108
          45         101          44         109
          46         102          45         110
          47         103          46         111
          48         104          47         112
          49         105          56         113
          50         106          49         114
          51         107          50         115
          52         108          51         116
          53         109          52         117
          54         110          53         118
          55         111          54         119
          56         112          55         120
          57         113          64         121
          58         114          57         122
          59         115          58         123
          60         116          59         124
          61         117          60         125
          62         118          61         126
          63         119          62         127
          64         120          63         128
